Accuracy = 95.00972132209981
Accuracy = 95.33376539209333